CDK18 142 423 149 154 181 199 257 268 279 302
RPS6KA6 426 683 433 438 462 480 537 548 563 586
PNCK 15 270 22 27 56 74 130 141 155 178
HCK 262 515 269 274 298 316 375 386 397 420
DYRK4 104 400 111 116 145 163 224 235 248 271
AURKB 77 327 84 89 116 134 194 205 216 239
PRKCE 408 668 415 420 447 465 526 537 548 571
ERBB4 718 985 725 730 758 776 837 848 859 882
STK24 36 286 43 48 73 91 150 161 172 195
MAP4K1 17 274 24 29 54 72 131 142 153 176
PINK1 156 511 163 168 243 261 356 367 382 405
SPEG 2966 3218 2973 2978 3006 3024 3079 3090 3101 3124
ROCK1 76 338 83 88 115 133 192 203 214 237
TSSK4 25 293 32 37 68 86 142 153 164 187
STK10 36 294 43 48 73 91 151 162 173 196
ZAP70 338 600 345 350 376 394 455 466 477 500
ERN2 520 781 527 532 557 575 631 642 658 681
NUAK1 55 306 62 67 98 116 172 183 194 217
STK32B 23 283 30 35 62 80 140 151 162 185
NEK11 29 287 36 41 69 87 152 163 173 196
ACVR2B 190 480 197 202 227 245 315 326 337 360
PDPK2 55 315 62 67 94 112 172 183 194 217
TNIK 25 289 32 37 61 79 147 158 169 192
MST1R 1082 1345 1089 1094 1121 1139 1202 1213 1224 1247
PRPF4B 687 1006 694 699 729 747 809 820 832 855
EIF2AK1 167 583 174 179 306 324 436 447 459 482
RYK 327 600 334 339 368 386 456 467 478 501
CLK4 159 475 166 171 201 219 280 291 321 344
ILK 193 446 200 205 230 248 313 324 337 360
IRAK1 212 521 219 224 249 267 334 345 356 379
PEAK1 1313 1675 1336 1341 1371 1389 1510 1521 1530 1553
STK38L 90 383 97 102 129 147 207 218 229 252
PRKAA2 16 268 23 28 59 77 133 144 155 178
SGK494 107 274 114 119 146 164 223 234 245 268
PIK3R4 26 324 33 38 61 79 142 153 164 187
MAPK14 24 308 31 36 65 83 144 155 166 189
FES 561 822 568 573 598 616 677 688 699 722
ACVR1B 207 497 214 219 244 262 329 340 351 374
EIF2AK2 267 538 274 279 332 350 408 419 430 453
KDR 834 1162 841 846 875 893 1022 1033 1044 1067
MATK 235 482 242 247 270 288 346 357 368 391
CAMKK1 128 409 135 140 190 208 269 280 291 314
PAK1 270 521 277 282 306 324 383 394 405 428
WNK2 195 453 202 207 232 250 317 328 340 363
MOS 60 341 67 72 97 115 195 206 217 240
ADRBK1 191 453 198 203 230 248 311 322 333 356
NTRK1 510 781 517 522 551 569 644 655 666 689
CDK6 13 300 20 25 54 72 139 150 161 184
MAST2 512 785 519 524 551 569 629 640 651 674
PDGFRB 600 962 607 612 641 659 820 831 842 865
STYK1 114 384 121 126 155 173 245 256 267 290
CSNK1G3 43 313 50 55 82 100 156 167 183 206
CSK 195 449 202 207 230 248 308 319 330 353
VRK2 29 319 36 41 69 87 160 171 184 207
TRIO 2796 3052 2803 2808 2836 2854 2909 2920 2934 2957
EPHA3 621 882 628 633 661 679 740 751 762 785
PRKCG 351 614 358 363 390 408 474 485 496 519
CAMK2B 14 272 21 26 56 74 130 141 155 178
STK11 49 309 56 61 93 111 170 181 192 215
FLT1 827 1158 834 839 868 886 1016 1027 1038 1061
DYRK3 209 522 216 221 250 268 329 340 353 376
INSR 1023 1298 1030 1035 1065 1083 1153 1164 1175 1198
TGFBR2 244 544 251 256 287 305 373 384 395 418
WEE2 212 486 219 224 249 267 333 344 378 401
LCK 245 498 252 257 281 299 358 369 380 403
TTN 32178 32432 32185 32190 32218 32236 32292 32303 32316 32339
STK32C 93 353 100 105 132 150 210 221 232 255
MAP3K8 138 388 145 150 171 189 247 258 268 291
RAF1 349 609 356 361 383 401 462 473 484 507
MST4 24 274 31 36 61 79 138 149 160 183
MAP4K2 16 273 23 28 53 71 130 141 152 175
CSNK1A1L 17 285 24 29 56 74 130 141 155 178
CDK14 135 419 142 147 174 192 250 261 272 295
DCLK3 356 613 363 368 397 415 471 482 497 520
LMTK3 133 411 140 145 171 189 260 271 282 305
LATS2 668 973 675 680 707 725 785 796 807 830
SRMS 230 488 237 242 266 284 344 355 366 389
MKNK2 84 388 91 96 124 142 199 210 224 247
MARK4 59 310 66 71 101 119 175 186 197 220
FGR 263 516 270 275 299 317 376 387 398 421
AATK 125 395 132 137 163 181 247 258 269 292
STK16 20 293 27 32 57 75 142 153 164 187
MAP3K7 36 291 43 48 68 86 150 161 173 196
OXSR1 17 291 24 29 54 72 140 151 162 185
CIT 97 360 104 109 136 154 215 226 237 260
PRKCZ 252 518 259 264 291 309 370 381 392 415
FGFR1 478 767 485 490 521 539 617 628 639 662
FYN 271 524 278 283 307 325 384 395 406 429
MET 1078 1345 1085 1090 1117 1135 1198 1209 1220 1243
TLK1 456 734 463 468 496 514 580 591 605 628
PTK2B 425 683 432 437 465 483 543 554 565 588
DYRK1A 159 479 166 171 200 218 281 292 305 328
MAP3K3 362 622 369 374 403 421 483 494 505 528
AXL 536 807 543 548 575 593 666 677 688 711
CDK5 4 286 11 16 44 62 120 131 142 165
DSTYK 652 906 659 664 689 707 771 782 793 816
NEK5 4 259 11 16 41 59 122 133 145 168
RPS6KA1 418 675 425 430 454 472 529 540 555 578
CSNK1E 9 277 16 21 48 66 122 133 147 170
MAP2K2 72 369 79 84 109 127 188 199 210 233
SGK1 98 355 105 110 137 155 216 227 238 261
MUSK 575 856 582 587 617 635 719 730 741 764
CDK9 19 315 26 31 59 77 143 154 165 188
MYO3B 27 293 34 39 63 81 150 161 172 195
PRKCQ 380 634 387 392 419 437 498 509 520 543
CDC42BPG 71 337 78 83 110 128 189 200 211 234
PSKH2 63 320 70 75 103 121 177 188 202 225
JAK3 822 1111 829 834 861 879 943 954 965 988
PLK2 82 334 89 94 121 139 199 210 221 244
PAK4 321 572 328 333 357 375 434 445 456 479
SGK223 976 1325 999 1004 1032 1050 1137 1148 1159 1182
PHKG1 20 288 27 32 65 83 144 155 166 189
JAK1 875 1153 882 887 915 933 997 1008 1019 1042
FGFR2 481 770 488 493 524 542 620 631 642 665
RPS6KA5 426 687 433 438 463 481 538 549 563 586
CDK19 21 335 28 33 59 77 145 156 171 194
MAPKAPK2 64 325 71 76 99 117 180 191 205 228
CAMK1 20 276 27 32 61 79 135 146 160 183
BRSK1 34 285 41 46 76 94 150 161 172 195
PHKG2 24 291 31 36 68 86 147 158 169 192
DCLK2 394 651 401 406 435 453 509 520 535 558
TAOK3 24 277 31 36 63 81 141 152 163 186
STK25 20 270 27 32 57 75 134 145 156 179
KIT 589 937 596 601 630 648 786 797 808 831
ULK2 9 271 16 21 53 71 125 136 156 179
RIOK1 180 479 187 192 219 237 318 329 339 362
LYN 247 501 254 259 283 301 361 372 383 406
CSNK1G2 46 316 53 58 85 103 159 170 186 209
CDK15 103 387 110 115 142 160 218 229 240 263
MAPKAPK5 22 304 29 34 57 75 142 153 167 190
STK36 4 254 11 16 48 66 119 130 141 164
EPHA7 633 894 640 645 673 691 752 763 774 797
PKN3 559 818 566 571 598 616 678 689 700 723
HIPK2 199 527 206 211 240 258 318 329 344 367
NIM1 74 325 81 86 116 134 190 201 212 235
ACVRL1 202 492 209 214 239 257 324 335 346 369
BMPR2 203 504 210 215 240 258 327 338 349 372
ABL2 288 539 295 300 325 343 403 414 425 448
MAPK15 13 304 20 25 54 72 131 142 153 176
SLK 34 292 41 46 71 89 149 160 171 194
AKT1 150 408 157 162 189 207 268 279 290 313
MYO3A 21 287 28 33 57 75 144 155 166 189
PRKCH 355 614 362 367 394 412 473 484 495 518
PRKCB 342 600 349 354 381 399 460 471 482 505
NTRK2 538 807 545 550 579 597 670 681 692 715
MAP3K5 680 938 687 692 716 734 797 808 820 843
CDC42BPB 76 342 83 88 115 133 194 205 216 239
JAK2 849 1124 856 861 888 906 970 981 992 1015
CHUK 15 302 22 27 57 75 138 149 163 186
MAPK6 20 316 27 32 59 77 146 157 169 192
TBK1 9 310 16 21 51 69 129 140 155 178
GRK6 186 448 193 198 225 243 305 316 327 350
PDGFRA 593 954 600 605 634 652 812 823 834 857
TTBK1 34 297 41 46 73 91 148 159 174 197
BMPR1A 234 525 241 246 271 289 356 367 378 401
CDK20 4 288 11 16 44 62 121 132 143 166
PDPK1 82 342 89 94 121 139 199 210 221 244
MAP2K5 166 409 173 178 203 221 277 288 299 322
CDK11A 427 647 433 438 466 484 544 555 566 589
MAPK1 25 313 32 37 65 83 143 154 165 188
ROCK2 92 354 99 104 131 149 208 219 230 253
STK32A 23 281 30 35 62 80 140 151 162 185
EPHA2 613 875 620 625 654 672 733 744 755 778
PAK7 449 700 456 461 485 503 562 573 584 607
TEK 824 1096 831 836 862 880 958 969 980 1003
LRRK1 1242 1525 1249 1254 1297 1315 1381 1392 1402 1425
TXK 271 527 278 283 307 325 384 395 406 429
TSSK3 10 265 17 22 53 71 128 139 149 172
PRKACA 44 298 51 56 83 101 161 172 183 206
MYLK4 106 361 113 118 146 164 221 232 245 268
GRK5 186 448 193 198 225 243 305 316 327 350
RIPK3 21 287 28 33 60 78 136 147 158 181
TNK1 116 377 123 128 158 176 239 250 261 284
KALRN 2683 2937 2690 2695 2723 2741 2796 2807 2821 2844
PRKG1 360 619 367 372 400 418 478 489 500 523
NEK1 4 258 11 16 41 59 122 133 144 167
AURKC 43 293 50 55 82 100 160 171 182 205
GRK1 190 455 197 202 229 247 311 322 333 356
TNK2 126 385 133 138 167 185 246 257 268 291
SGK110 43 309 50 55 83 101 157 168 181 204
CAMKK2 165 446 172 177 227 245 306 317 328 351
PLK3 62 314 69 74 101 119 179 190 201 224
PRKX 49 303 56 61 88 106 166 177 188 211
NUAK2 53 303 60 65 95 113 169 180 191 214
TAOK2 28 281 35 40 67 85 145 156 167 190
CDK12 727 1020 734 739 767 785 853 864 875 898
NLK 138 427 145 150 179 197 258 269 280 303
PLK1 53 305 60 65 92 110 170 181 192 215
SIK3 8 259 15 20 50 68 124 135 146 169
IRAK3 165 452 172 177 202 220 287 298 309 332
MAP4K3 16 273 23 28 53 71 130 141 152 175
ULK3 14 270 21 26 59 77 131 142 155 178
MKNK1 49 374 56 61 89 107 205 216 230 253
AKT2 152 409 159 164 191 209 269 280 291 314
MAP2K1 68 361 75 80 105 123 184 195 206 229
EGFR 712 979 719 724 752 770 831 842 853 876
CLK3 304 620 311 316 346 364 425 436 466 489
IKBKB 15 300 22 27 57 75 139 150 164 187
NEK4 6 261 13 18 43 61 125 136 147 170
PAK3 283 534 290 295 319 337 396 407 418 441
MAP3K15 652 908 659 664 688 706 767 778 790 813
STK3 27 278 34 39 63 81 140 151 162 185
CDKL3 4 286 11 16 43 61 119 130 141 164
STK17A 61 321 68 73 101 119 180 191 205 228
TGFBR1 205 495 212 217 242 260 327 338 349 372
TYK2 897 1176 904 909 937 955 1017 1028 1039 1062
RIPK4 22 286 29 34 59 77 137 148 159 182
BMPR1B 204 494 211 216 241 259 326 337 348 371
NEK9 52 308 59 64 89 107 170 181 192 215
MYLK 1464 1719 1471 1476 1504 1522 1579 1590 1603 1626
MAPKAPK3 44 304 51 56 79 97 160 171 185 208
ACVR1C 195 485 202 207 232 250 317 328 339 362
WNK4 174 432 181 186 211 229 296 307 319 342
CDKL5 13 297 20 25 53 71 129 140 151 174
CDK13 705 998 712 717 745 763 831 842 853 876
PRKD2 551 807 558 563 591 609 668 679 693 716
MAK 4 284 11 16 44 62 119 130 141 164
ROR2 473 746 480 485 515 533 609 620 631 654
SGK2 95 352 102 107 134 152 213 224 235 258
BMX 417 675 424 429 453 471 530 541 552 575
GSG2 484 798 491 496 526 544 643 654 676 699
FLT3 610 943 617 622 651 669 805 816 827 850
MAP3K2 357 617 363 368 397 415 477 488 499 522
ALK 1116 1392 1123 1128 1158 1176 1243 1254 1268 1291
MINK1 25 289 32 37 61 79 147 158 169 192
ERBB3 709 966 716 721 749 767 828 839 850 873
CDK8 21 335 28 33 59 77 145 156 171 194
DAPK3 13 275 20 25 54 72 133 144 159 182
TIE1 839 1118 846 851 877 895 973 984 995 1018
STK33 116 381 123 128 158 176 232 243 263 286
ERBB2 720 987 727 732 760 778 839 850 861 884
HER2 720 987 727 732 760 778 839 850 861 884
DAPK2 23 285 30 35 64 82 143 154 169 192
SYK 371 631 378 383 410 428 488 499 510 533
GSK3A 119 403 126 131 156 174 238 249 261 284
MAPK7 55 347 62 67 96 114 176 187 198 221
MAPK12 27 311 34 39 68 86 147 158 169 192
TLK2 462 741 469 474 502 520 586 597 611 634
MARK1 60 311 67 72 102 120 176 187 198 221
TESK2 58 313 65 70 91 109 170 181 195 218
CDK4 6 295 13 18 49 67 134 145 156 179
CDK1 4 287 11 16 44 62 122 133 144 167
INSRR 979 1254 986 991 1021 1039 1109 1120 1131 1154
PRKCI 254 522 261 266 293 311 372 383 394 417
RIOK2 271 552 280 285 319 337 401 412 423 446
TSSK6 12 267 19 24 55 73 129 140 152 175
DDR2 563 849 570 575 616 634 704 715 726 749
SBK2 62 330 69 74 102 120 177 188 201 224
ULK4 4 280 11 16 43 61 115 126 137 160
MOK 4 285 11 16 44 62 122 133 143 166
PTK2 422 680 429 434 461 479 540 551 562 585
TSSK2 12 272 19 24 55 73 130 141 152 175
GAK 40 314 47 52 82 100 167 178 189 212
MAP3K10 98 360 105 110 135 153 216 227 246 269
PAK6 407 658 414 419 443 461 520 531 542 565
PIM3 40 293 47 52 81 99 164 175 187 210
CSNK2A2 40 325 47 52 77 95 151 162 174 197
OBSCN 7672 7924 7679 7684 7712 7730 7785 7796 7807 7830
PTK6 191 445 198 203 227 245 306 317 328 351
DDR1 610 905 617 622 663 681 760 771 782 805
SIK2 20 271 27 32 62 80 136 147 158 181
CHEK1 9 265 16 21 50 68 124 135 146 169
MELK 11 263 18 23 52 70 126 137 148 171
RPS6KA4 411 674 418 423 448 466 524 535 549 572
MAP4K4 25 289 32 37 61 79 147 158 169 192
MAP3K13 168 409 175 180 203 221 273 284 295 318
LATS1 705 1010 712 717 744 762 822 833 844 867
FKSG81 12 272 19 24 55 73 130 141 152 175
LTK 510 786 517 522 552 570 637 648 662 685
GRK7 191 454 198 203 230 248 310 321 332 355
ULK1 16 278 23 28 60 78 132 143 163 186
CAMK2A 13 271 20 25 55 73 129 140 154 177
ITK 363 615 370 375 399 417 476 487 498 521
CSNK1D 9 277 16 21 48 66 122 133 147 170
MAP3K14 400 655 407 412 433 451 509 520 532 555
CDK16 165 446 172 177 204 222 280 291 302 325
MARK2 53 304 60 65 95 113 169 180 191 214
STK31 710 1019 717 722 758 776 848 859 870 893
PRKACB 44 298 51 56 83 101 161 172 183 206
CAMK1G 23 277 30 35 63 81 137 148 162 185
ARAF 310 570 317 322 344 362 423 434 445 468
PRKG2 453 711 460 465 492 510 570 581 592 615
EPHA6 630 943 637 642 670 688 791 802 813 836
MYLK3 515 770 522 527 555 573 630 641 654 677
MAP2K4 102 367 109 114 139 157 223 234 245 268
CLK2 163 479 170 175 205 223 284 295 325 348
HIPK3 197 525 204 209 238 256 316 327 342 365
MAP3K6 648 906 655 660 684 702 765 776 788 811
FGFR4 467 755 474 479 510 528 606 617 628 651
DCLK1 390 647 397 402 431 449 505 516 531 554
RIOK3 251 519 258 263 301 319 400 411 421 444
WNK1 221 479 228 233 258 276 343 354 366 389
NEK8 4 258 11 16 41 59 122 133 145 168
CDC42BPA 77 343 84 89 116 134 195 206 217 240
LIMK1 339 604 346 351 374 392 454 465 476 499
MAPK8 26 321 33 38 67 85 145 156 167 190
CDKL2 4 287 11 16 44 62 120 131 142 165
IGF1R 999 1274 1006 1011 1041 1059 1129 1140 1151 1174
RIPK1 17 289 24 29 54 72 132 143 154 177
MAST4 573 846 580 585 612 630 690 701 712 735
PRKD1 583 839 590 595 623 641 700 711 725 748
SGK3 162 419 169 174 201 219 280 291 302 325
CAMK2D 14 272 21 26 56 74 130 141 155 178
EPHA8 635 896 642 647 675 693 754 765 776 799
ACVR1 208 502 215 220 245 263 330 341 352 375
EPHA10 645 900 652 657 685 703 764 775 786 809
ERN1 571 832 578 583 608 626 682 693 709 732
CSF1R 582 910 589 594 623 641 772 783 794 817
IRAK4 186 454 193 198 223 241 306 317 327 350
BRSK2 19 270 26 31 61 79 135 146 157 180
NRK 25 313 32 37 84 102 171 182 193 216
NTRK3 538 839 545 550 579 597 673 684 695 718
STK38 89 382 96 101 128 146 206 217 228 251
ABL1 242 493 249 254 279 297 357 368 379 402
PLK4 12 265 19 24 51 69 130 141 152 175
MAPK3 42 330 49 54 82 100 160 171 182 205
CDK17 192 473 199 204 231 249 307 318 329 352
MAP2K7 120 380 127 132 157 175 237 248 259 282
CDKL4 4 286 11 16 44 62 120 131 142 165
ROR1 473 746 480 485 514 532 609 620 631 654
TTK 525 791 532 537 563 581 641 652 662 685
LRRK2 1879 2138 1886 1891 1910 1928 1989 2000 2010 2033
STK4 30 281 37 42 66 84 143 154 165 188
PRKD3 576 832 583 588 616 634 693 704 718 741
EPHB2 621 884 628 633 661 679 740 751 762 785
TYRO3 518 790 525 530 558 576 649 660 671 694
CSNK1A1 17 285 24 29 56 74 130 141 155 178
BMP2K 51 316 58 63 92 110 174 185 196 219
MAPK10 64 359 71 76 105 123 183 194 205 228
MAPK4 20 312 27 32 59 77 143 154 166 189
TNNI3K 463 723 470 475 498 516 582 593 604 627
TAOK1 28 281 35 40 67 85 145 156 167 190
RPS6KB2 67 328 74 79 110 128 188 199 210 233
FLT4 845 1173 852 857 886 904 1031 1042 1053 1076
MAP2K3 64 325 71 76 101 119 184 195 206 229
MAP3K11 117 379 124 129 154 172 235 246 265 288
MAP3K12 125 366 132 137 160 178 230 241 252 275
EPHA5 675 936 682 687 715 733 794 805 816 839
BUB1 787 1085 794 799 828 846 911 922 944 967
FGFR3 472 761 479 484 515 533 611 622 633 656
YES1 277 530 284 289 313 331 390 401 412 435
MAP3K1 1243 1508 1250 1255 1285 1303 1363 1374 1386 1409
PBK 32 322 39 44 76 94 161 172 184 207
CASK 12 276 19 24 57 75 135 146 160 183
CSNK2A1 39 324 46 51 76 94 150 161 173 196
MAPK13 25 308 32 37 66 84 144 155 166 189
BRAF 457 717 464 469 491 509 570 581 592 615
RPS6KL1 145 539 152 157 265 283 406 417 428 451
TEC 370 623 377 382 406 424 483 494 505 528
MAP4K5 20 277 27 32 57 75 134 145 156 179
FER 563 816 570 575 599 617 678 689 700 723
AAK1 46 315 53 58 87 105 170 181 192 215
GSK3B 56 340 63 68 93 111 175 186 198 221
CDK7 12 295 19 24 55 73 131 142 153 176
SNRK 16 269 23 28 58 76 133 144 156 179
ANKK1 22 289 29 34 61 79 139 150 161 184
HUNK 62 320 69 74 106 124 180 191 202 225
MERTK 587 858 594 599 627 645 717 728 739 762
AKT3 148 405 155 160 187 205 265 276 287 310
DAPK1 13 275 20 25 54 72 133 144 159 182
MAP3K19 1061 1324 1068 1073 1102 1120 1180 1191 1202 1225
SIK1 27 278 34 39 69 87 143 154 165 188
RPS6KC1 794 1056 801 806 832 850 923 934 945 968
CHEK2 220 486 227 232 262 280 341 352 366 389
DMPK 71 339 78 83 110 128 189 200 211 234
TP53RK 33 253 40 45 75 93 156 167 181 204
FRK 234 491 241 246 270 288 348 359 370 393
AMHR2 203 518 210 215 240 258 327 338 349 372
EPHA4 621 882 628 633 661 679 740 751 762 785
BLK 241 494 248 253 277 295 354 365 376 399
NEK3 4 257 11 16 39 57 121 132 143 166
IKBKE 9 315 16 21 51 69 129 140 155 178
PASK 999 1251 1006 1011 1042 1060 1122 1133 1144 1167
PDIK1L 8 334 15 20 52 70 158 169 188 211
PRKCA 339 597 346 351 378 396 457 468 479 502
NEK10 519 712 526 531 587 605 649 660 671 694
PRKCD 349 603 356 361 388 406 467 478 489 512
PIM2 32 286 39 44 75 93 157 168 180 203
HIPK4 11 347 18 23 52 70 130 141 156 179
PKMYT1 110 359 117 122 147 165 227 238 249 272
MARK3 56 307 63 68 98 116 172 183 194 217
WNK3 147 405 154 159 184 202 269 280 292 315
TESK1 57 314 64 69 90 108 169 180 194 217
EPHB4 615 899 622 627 655 673 734 745 756 779
STK40 35 331 42 47 84 102 191 202 214 237
VRK1 37 317 44 49 79 97 171 182 195 218
HIPK1 190 518 197 202 231 249 309 320 335 358
STK17B 33 293 40 45 73 91 152 163 177 200
PRKACG 44 298 51 56 83 101 161 172 183 206
PRKY 49 277 56 61 88 106 166 177 188 211
CAMK4 46 300 53 58 84 102 158 169 183 206
CDKL1 4 287 11 16 44 62 120 131 142 165
CDK3 4 286 11 16 44 62 121 132 143 166
RET 724 1016 731 736 765 783 868 879 890 913
PRKAA1 27 279 34 39 70 88 144 155 166 189
MLTK 16 277 23 28 51 69 127 138 149 172
NEK2 8 271 15 20 45 63 135 146 157 180
CAMK2G 14 272 21 26 56 74 130 141 155 178
TTBK2 21 284 28 33 60 78 135 146 161 184
EPHB1 619 882 626 631 659 677 738 749 760 783
CAMK1D 23 279 30 35 64 82 138 149 163 186
PAK2 249 499 256 261 285 303 362 373 384 407
AURKA 133 383 140 145 172 190 250 261 272 295
MAPK9 26 321 33 38 67 85 145 156 167 190
LMTK2 137 407 144 149 175 193 259 270 281 304
RIPK2 18 294 25 30 56 74 140 151 162 185
RPS6KA3 422 679 429 434 458 476 533 544 559 582
MAP3K9 144 412 151 156 181 199 262 273 292 315
ROS1 1945 2222 1952 1957 1988 2006 2073 2084 2100 2123
STK39 63 337 70 75 100 118 186 197 208 231
MAST3 367 640 374 379 406 424 484 495 506 529
CDK10 39 323 46 51 79 97 157 168 179 202
LIMK2 331 608 338 343 366 384 445 456 467 490
MAP3K4 1343 1601 1350 1355 1381 1399 1457 1468 1479 1502
MAST1 374 647 381 386 413 431 491 502 513 536
EPHA1 624 884 631 636 664 682 743 754 765 788
WEE1 299 569 306 311 336 354 420 431 461 484
PSKH1 98 355 105 110 138 156 212 223 237 260
SRC 270 523 277 282 306 324 383 394 405 428
PKN1 615 874 622 627 654 672 734 745 756 779
SBK1 53 318 60 65 93 111 168 179 192 215
CDK2 4 286 11 16 44 62 121 132 143 166
RPS6KA2 415 672 422 427 451 469 526 537 552 575
BUB1B 766 1050 773 778 801 819 876 887 909 932
MYLK2 285 540 292 297 325 343 400 411 424 447
UHMK1 23 304 30 35 67 85 152 163 175 198
STK35 202 530 209 214 246 264 354 365 379 402
GRK4 187 449 194 199 226 244 306 317 328 351
ICK 4 284 11 16 44 62 119 130 141 164
MLK4 124 401 131 136 161 179 257 268 287 310
CSNK1G1 44 315 51 56 83 101 158 169 185 208
ADRBK2 191 453 198 203 230 248 311 322 333 356
EIF2AK4 590 1001 597 602 724 742 842 853 864 887
PIM1 129 381 136 141 170 188 252 263 275 298
DYRK1B 111 431 118 123 152 170 233 244 257 280
DYRK2 222 535 229 234 263 281 342 353 366 389
RPS6KB1 91 352 98 103 134 152 212 223 234 257
NEK6 45 310 52 57 83 101 166 177 188 211
CDK11B 438 723 445 450 478 496 556 567 578 601
ACVR2A 192 485 199 204 229 247 316 327 338 361
NEK7 34 299 41 46 72 90 155 166 177 200
CLK1 161 477 168 173 203 221 282 293 323 346
MAPK11 24 308 31 36 65 83 144 155 166 189
MAP2K6 53 314 60 65 90 108 173 184 195 218
BTK 402 655 409 414 438 456 515 526 537 560
PKN2 657 916 664 669 696 714 776 787 798 821
